#Layer_Color=32768
#
#Feature symbol names
#
$0 r3.937
$1 r1.9685

#
#Feature attribute names
#

#
#Layer features
#
L 3.3868112 2.7647639 3.3868112 3.0442915 1 P 0
L 3.3868112 2.7647639 3.6938978 2.7647639 1 P 0
L 3.3868112 3.0442915 3.6938978 3.0442915 1 P 0
L 3.3976378 3.1033464 3.3976378 3.2687008 1 P 0
L 3.3976378 3.1033464 3.5393701 3.1033464 1 P 0
L 3.3976378 3.2687008 3.5393701 3.2687008 1 P 0
L 3.4488189 3.1860236 3.488189 3.1860236 0 P 0
L 3.4685039 3.1663386 3.4685039 3.2057086 0 P 0
L 3.5206694 2.9045277 3.5600395 2.9045277 0 P 0
L 3.5393701 3.1033464 3.5393701 3.2687008 1 P 0
L 3.5403545 2.8848426 3.5403545 2.9242127 0 P 0
L 3.6938978 2.7647639 3.6938978 3.0442915 1 P 0
L 4.1594489 2.448819 4.1594489 2.7322836 1 P 0
L 4.1594489 2.448819 4.4940946 2.448819 1 P 0
L 4.1594489 2.7322836 4.4940946 2.7322836 1 P 0
L 4.3070867 2.5905513 4.3464568 2.5905513 0 P 0
L 4.3267718 2.5708663 4.3267718 2.6102364 0 P 0
L 4.4940946 2.448819 4.4940946 2.7322836 1 P 0
L 4.7183072 2.8887795 4.7183072 3.1801181 1 P 0
L 4.7183072 2.8887795 4.9348426 2.8887795 1 P 0
L 4.7183072 3.1801181 4.9348426 3.1801181 1 P 0
L 4.7194881 2.4744095 4.7194881 2.6200788 1 P 0
L 4.7194881 2.4744095 4.922244 2.4744095 1 P 0
L 4.7194881 2.6200788 4.922244 2.6200788 1 P 0
L 4.8011811 2.5472441 4.8405511 2.5472441 0 P 0
L 4.8068899 3.0344488 4.8462599 3.0344488 0 P 0
L 4.8208661 2.5275591 4.8208661 2.5669292 0 P 0
L 4.8265749 3.0147638 4.8265749 3.0541339 0 P 0
L 4.922244 2.4744095 4.922244 2.6200788 1 P 0
L 4.9348426 2.8887795 4.9348426 3.1801181 1 P 0
L 5.0581102 2.9725689 5.0581102 3.1064272 1 P 0
L 5.0581102 2.9725689 5.1250394 2.9725689 1 P 0
L 5.0581102 3.1064272 5.1250394 3.1064272 1 P 0
L 5.0718898 3.0394981 5.1112598 3.0394981 0 P 0
L 5.0915748 3.019813 5.0915748 3.0591831 0 P 0
L 5.1250394 2.9725689 5.1250394 3.1064272 1 P 0
