#Layer_Color=16711935
#
#Feature symbol names
#
$0 r3.937

#
#Feature attribute names
#

#
#Layer features
#
A 3.6131891 2.8100395 3.6131891 2.8100395 3.5935041 2.8100395 0 P 0 N
A 4.909252 3.0777559 4.909252 3.0777559 4.889567 3.0777559 0 P 0 N
L 3.4074803 3.152559 3.4074803 3.2194882 0 P 0
L 3.4074803 3.152559 3.5295275 3.152559 0 P 0
L 3.4074803 3.2194882 3.5295275 3.2194882 0 P 0
L 3.4517718 2.7746064 3.4517718 3.0344489 0 P 0
L 3.4517718 2.7746064 3.6289371 2.7746064 0 P 0
L 3.4517718 3.0344489 3.6289371 3.0344489 0 P 0
L 3.5295275 3.152559 3.5295275 3.2194882 0 P 0
L 3.6289371 2.7746064 3.6289371 3.0344489 0 P 0
L 4.2539371 2.4586616 4.2539371 2.7224411 0 P 0
L 4.2539371 2.4586616 4.3996064 2.4586616 0 P 0
L 4.2539371 2.7224411 4.3996064 2.7224411 0 P 0
L 4.3996064 2.4586616 4.3996064 2.7224411 0 P 0
L 4.7281497 2.9557087 4.7281497 3.113189 0 P 0
L 4.7281497 2.9557087 4.9250001 2.9557087 0 P 0
L 4.7281497 3.113189 4.9250001 3.113189 0 P 0
L 4.7490157 2.484252 4.7490157 2.6102363 0 P 0
L 4.7490157 2.484252 4.8927165 2.484252 0 P 0
L 4.7490157 2.6102363 4.8927165 2.6102363 0 P 0
L 4.8927165 2.484252 4.8927165 2.6102363 0 P 0
L 4.9212598 3.3927165 4.9212598 3.4438976 0 P 0
L 4.9212598 3.3927165 4.9803149 3.3336614 0 P 0
L 4.9212598 3.4438976 4.9803149 3.5029527 0 P 0
L 4.9250001 2.9557087 4.9250001 3.113189 0 P 0
L 4.9803149 3.3336614 5.1259841 3.3336614 0 P 0
L 4.9803149 3.5029527 5.1259842 3.5029527 0 P 0
L 5.065 3.004065 5.065 3.0749311 0 P 0
L 5.065 3.004065 5.1181496 3.004065 0 P 0
L 5.065 3.0749311 5.1181496 3.0749311 0 P 0
L 5.1181496 3.004065 5.1181496 3.0749311 0 P 0
L 5.1259841 3.3336614 5.1299212 3.3375985 0 P 0
L 5.1259842 3.5029527 5.1299212 3.4990157 0 P 0
L 5.1299212 3.3375985 5.1299212 3.3887795 0 P 0
L 5.1299212 3.3887795 5.1633858 3.3887795 0 P 0
L 5.1299212 3.4478346 5.1299212 3.4990157 0 P 0
L 5.1299212 3.4478346 5.1633858 3.4478346 0 P 0
L 5.1633858 3.3887795 5.1633858 3.4478346 0 P 0
